   10    6
      10      46      18      1      48      32      20      16      12      20   
      10      46      18      1      48      32      20      16      12      20   
      10      46      18      0      48       32      20      16      12      20   
      10      46      18      1      48      32      20      16      0       20   
      10      0       18      1      48      32      20      16      12      20   
      10      0       18      0      48       32      20      16      0       20     
      1      50
      1      50
      1      50
      1      50
      1      50
      1      50
     12      5      18       1      8       17     26      34     6      22
     42      35     48      31      38      47     56      64     36     52
       